title="Wall Aircoef Data of PHengLEI"
variables="x", "y", "z", "cp", "cf", "yplus", "Q_NonDim", "Q_Dim(kW/m2)", "pw(Pa)"
zone T = "Zone_2_wall"
N = 144
E = 143
f = FEPOINT
ET = quadrilateral
2.3933799565e-01    -5.4721269757e-02   0.0000000000e+00    -8.9209498738e-02   3.5813113223e-03    6.0011439477e-01    0.0000000000e+00    0.0000000000e+00    3.7439197294e+04    
2.2950139642e-01    -5.3979448974e-02   0.0000000000e+00    -8.1240319273e-02   3.5681126139e-03    5.9988661065e-01    0.0000000000e+00    0.0000000000e+00    3.7554325626e+04    
2.1988210082e-01    -5.3210239857e-02   0.0000000000e+00    -6.6222372654e-02   3.5463246721e-03    5.9957072951e-01    0.0000000000e+00    0.0000000000e+00    3.7771285371e+04    
2.1048159897e-01    -5.2415300161e-02   0.0000000000e+00    -5.2382102195e-02   3.5355659452e-03    5.9981464805e-01    0.0000000000e+00    0.0000000000e+00    3.7971231584e+04    
2.0130489767e-01    -5.1592089236e-02   0.0000000000e+00    -3.7641760366e-02   3.5296796952e-03    6.0058501750e-01    0.0000000000e+00    0.0000000000e+00    3.8184180856e+04    
1.9235409796e-01    -5.0735559314e-02   0.0000000000e+00    -2.1146668760e-02   3.5133392073e-03    6.0096391190e-01    0.0000000000e+00    0.0000000000e+00    3.8422480470e+04    
1.8362879753e-01    -4.9855418503e-02   0.0000000000e+00    -5.3656378169e-03   3.4882000477e-03    6.0055864112e-01    0.0000000000e+00    0.0000000000e+00    3.8650464264e+04    
1.7513130605e-01    -4.8961210996e-02   0.0000000000e+00    9.3183629643e-03    3.4684227439e-03    6.0020374131e-01    0.0000000000e+00    0.0000000000e+00    3.8862599594e+04    
1.6686040163e-01    -4.8049710691e-02   0.0000000000e+00    2.3700173379e-02    3.4550068937e-03    6.0024821305e-01    0.0000000000e+00    0.0000000000e+00    3.9070369271e+04    
1.5881760418e-01    -4.7123130411e-02   0.0000000000e+00    3.7552433669e-02    3.4451321086e-03    6.0048509184e-01    0.0000000000e+00    0.0000000000e+00    3.9270488698e+04    
1.5100049973e-01    -4.6180389822e-02   0.0000000000e+00    5.1450819261e-02    3.4409957223e-03    6.0111008954e-01    0.0000000000e+00    0.0000000000e+00    3.9471274483e+04    
1.4341180027e-01    -4.5219179243e-02   0.0000000000e+00    6.6696556921e-02    3.4356467313e-03    6.0185712162e-01    0.0000000000e+00    0.0000000000e+00    3.9691525056e+04    
1.3604809344e-01    -4.4237729162e-02   0.0000000000e+00    8.3079467886e-02    3.4208413650e-03    6.0208673329e-01    0.0000000000e+00    0.0000000000e+00    3.9928204030e+04    
1.2890879810e-01    -4.3243300170e-02   0.0000000000e+00    9.9279175696e-02    3.4018516699e-03    6.0185164349e-01    0.0000000000e+00    0.0000000000e+00    4.0162236322e+04    
1.2198860198e-01    -4.2237889022e-02   0.0000000000e+00    1.1545391839e-01    3.3857557551e-03    6.0165180361e-01    0.0000000000e+00    0.0000000000e+00    4.0395907951e+04    
1.1528909951e-01    -4.1220851243e-02   0.0000000000e+00    1.3205073156e-01    3.3718325112e-03    6.0162160698e-01    0.0000000000e+00    0.0000000000e+00    4.0635677105e+04    
1.0880579799e-01    -4.0192000568e-02   0.0000000000e+00    1.4943905084e-01    3.3557576059e-03    6.0150052447e-01    0.0000000000e+00    0.0000000000e+00    4.0886880909e+04    
1.0253469646e-01    -3.9151281118e-02   0.0000000000e+00    1.6744615941e-01    3.3356580278e-03    6.0108381449e-01    0.0000000000e+00    0.0000000000e+00    4.1147024176e+04    
9.6475712955e-02    -3.8101881742e-02   0.0000000000e+00    1.8589240196e-01    3.3133231980e-03    6.0042089557e-01    0.0000000000e+00    0.0000000000e+00    4.1413511478e+04    
9.0623162687e-02    -3.7043280900e-02   0.0000000000e+00    2.0492538029e-01    3.2900813978e-03    5.9962064117e-01    0.0000000000e+00    0.0000000000e+00    4.1688475176e+04    
8.4973827004e-02    -3.5976190120e-02   0.0000000000e+00    2.2485474428e-01    3.2663170327e-03    5.9880625887e-01    0.0000000000e+00    0.0000000000e+00    4.1976388686e+04    
7.9524457455e-02    -3.4899748862e-02   0.0000000000e+00    2.4651942306e-01    3.2346928822e-03    5.9757688265e-01    0.0000000000e+00    0.0000000000e+00    4.2289371766e+04    
7.4270896614e-02    -3.3815819770e-02   0.0000000000e+00    2.6893618050e-01    3.1873180327e-03    5.9509601207e-01    0.0000000000e+00    0.0000000000e+00    4.2613219899e+04    
6.9208003581e-02    -3.2732330263e-02   0.0000000000e+00    2.8976396117e-01    3.1376140722e-03    5.9181020403e-01    0.0000000000e+00    0.0000000000e+00    4.2914112565e+04    
6.4330860972e-02    -3.1650990248e-02   0.0000000000e+00    3.0980315570e-01    3.1046903284e-03    5.8936548363e-01    0.0000000000e+00    0.0000000000e+00    4.3203612764e+04    
5.9636820108e-02    -3.0562480912e-02   0.0000000000e+00    3.3163177337e-01    3.0786542626e-03    5.8768813782e-01    0.0000000000e+00    0.0000000000e+00    4.3518964220e+04    
5.5125031620e-02    -2.9462620616e-02   0.0000000000e+00    3.5533612448e-01    3.0425731778e-03    5.8545517977e-01    0.0000000000e+00    0.0000000000e+00    4.3861413831e+04    
5.0789829344e-02    -2.8352620080e-02   0.0000000000e+00    3.8053377386e-01    2.9994984187e-03    5.8257928073e-01    0.0000000000e+00    0.0000000000e+00    4.4225436671e+04    
4.6628009528e-02    -2.7230890468e-02   0.0000000000e+00    4.0800697524e-01    2.9503810234e-03    5.7922424729e-01    0.0000000000e+00    0.0000000000e+00    4.4622333725e+04    
4.2635541409e-02    -2.6095900685e-02   0.0000000000e+00    4.3791090780e-01    2.8838313440e-03    5.7451442287e-01    0.0000000000e+00    0.0000000000e+00    4.5054346819e+04    
3.8806911558e-02    -2.4950230494e-02   0.0000000000e+00    4.6871175711e-01    2.7982426967e-03    5.6776149517e-01    0.0000000000e+00    0.0000000000e+00    4.5499317400e+04    
3.5139650106e-02    -2.3799559101e-02   0.0000000000e+00    4.9910691955e-01    2.7194653646e-03    5.6066852881e-01    0.0000000000e+00    0.0000000000e+00    4.5938427144e+04    
3.1627081335e-02    -2.2637989372e-02   0.0000000000e+00    5.3153892532e-01    2.6635353700e-03    5.5528050027e-01    0.0000000000e+00    0.0000000000e+00    4.6406962549e+04    
2.8276879340e-02    -2.1454699337e-02   0.0000000000e+00    5.6870658007e-01    2.6069627443e-03    5.5054200260e-01    0.0000000000e+00    0.0000000000e+00    4.6943912447e+04    
2.5078110397e-02    -2.0243270323e-02   0.0000000000e+00    6.1019176617e-01    2.5209287551e-03    5.4372723211e-01    0.0000000000e+00    0.0000000000e+00    4.7543236418e+04    
2.2033149377e-02    -1.9011320546e-02   0.0000000000e+00    6.5302917846e-01    2.4153048164e-03    5.3440280609e-01    0.0000000000e+00    0.0000000000e+00    4.8162095593e+04    
1.9133469090e-02    -1.7765799537e-02   0.0000000000e+00    6.9569525956e-01    2.3429811434e-03    5.2657864388e-01    0.0000000000e+00    0.0000000000e+00    4.8778479598e+04    
1.6378020868e-02    -1.6494410113e-02   0.0000000000e+00    7.4273513499e-01    2.2955003308e-03    5.2050813438e-01    0.0000000000e+00    0.0000000000e+00    4.9458050490e+04    
1.3786099851e-02    -1.5177680179e-02   0.0000000000e+00    7.9332767317e-01    2.2413221894e-03    5.1382081078e-01    0.0000000000e+00    0.0000000000e+00    5.0188945630e+04    
1.1342490092e-02    -1.3808799908e-02   0.0000000000e+00    8.4909122918e-01    2.1645640042e-03    5.0372556122e-01    0.0000000000e+00    0.0000000000e+00    5.0994544904e+04    
9.0823313221e-03    -1.2378370389e-02   0.0000000000e+00    9.1233629475e-01    1.9516192836e-03    4.7728127510e-01    0.0000000000e+00    0.0000000000e+00    5.1908227291e+04    
6.9914781488e-03    -1.0865660384e-02   0.0000000000e+00    9.6625093702e-01    1.6160247775e-03    4.3546703018e-01    0.0000000000e+00    0.0000000000e+00    5.2687115866e+04    
5.0912718289e-03    -9.2936055735e-03   0.0000000000e+00    1.0242170163e+00    1.2737645585e-03    3.8088072911e-01    0.0000000000e+00    0.0000000000e+00    5.3524534330e+04    
3.3291080035e-03    -7.6685459353e-03   0.0000000000e+00    1.1158380707e+00    7.7141920437e-04    2.7948612318e-01    0.0000000000e+00    0.0000000000e+00    5.4848156069e+04    
1.9473549910e-03    -5.9082647786e-03   0.0000000000e+00    1.1908308548e+00    -2.8127224673e-04   2.6119919959e-01    0.0000000000e+00    0.0000000000e+00    5.5931554201e+04    
8.8227621745e-04    -3.9692618884e-03   0.0000000000e+00    1.1524942904e+00    -1.8819693840e-03   4.0480280885e-01    0.0000000000e+00    0.0000000000e+00    5.5377717420e+04    
2.8197179199e-04    -1.9892300479e-03   0.0000000000e+00    9.5823822317e-01    -4.1234615075e-03   5.8692052515e-01    0.0000000000e+00    0.0000000000e+00    5.2571358606e+04    
0.0000000000e+00    0.0000000000e+00    0.0000000000e+00    6.6168767540e-01    8.7755637911e-04    7.0868121613e-01    0.0000000000e+00    0.0000000000e+00    4.8287182287e+04    
2.7052749647e-04    1.9948659465e-03    0.0000000000e+00    3.6841487198e-01    8.1844616633e-03    7.7661795486e-01    0.0000000000e+00    0.0000000000e+00    4.4050358551e+04    
8.7229412748e-04    3.9663137868e-03    0.0000000000e+00    5.1547350160e-03    9.3580423999e-03    7.9608650705e-01    0.0000000000e+00    0.0000000000e+00    3.8802448917e+04    
2.0085810684e-03    5.8666002005e-03    0.0000000000e+00    -3.3082421063e-01   8.8911905105e-03    7.5168624209e-01    0.0000000000e+00    0.0000000000e+00    3.3948662426e+04    
3.4307360183e-03    7.6106837951e-03    0.0000000000e+00    -5.2494427395e-01   7.8529666966e-03    7.0933213374e-01    0.0000000000e+00    0.0000000000e+00    3.1144268420e+04    
5.1776771434e-03    9.2442389578e-03    0.0000000000e+00    -6.3392846959e-01   7.3495027518e-03    6.9550565609e-01    0.0000000000e+00    0.0000000000e+00    2.9569806617e+04    
7.0643560030e-03    1.0835779831e-02    0.0000000000e+00    -7.1290883743e-01   7.3830485482e-03    6.9130263007e-01    0.0000000000e+00    0.0000000000e+00    2.8428801065e+04    
9.1390507296e-03    1.2370579876e-02    0.0000000000e+00    -8.7699696317e-01   7.5291419987e-03    6.7369046552e-01    0.0000000000e+00    0.0000000000e+00    2.6058269403e+04    
1.1391920038e-02    1.3815159909e-02    0.0000000000e+00    -1.0073964319e+00   7.2362565379e-03    6.4345360426e-01    0.0000000000e+00    0.0000000000e+00    2.4174427609e+04    
1.3833940029e-02    1.5192589723e-02    0.0000000000e+00    -1.0905802989e+00   6.8586973797e-03    6.1704011923e-01    0.0000000000e+00    0.0000000000e+00    2.2972695372e+04    
1.6428489238e-02    1.6505489126e-02    0.0000000000e+00    -1.1502338511e+00   6.6147518527e-03    5.9943402662e-01    0.0000000000e+00    0.0000000000e+00    2.2110898496e+04    
1.9192120060e-02    1.7763810232e-02    0.0000000000e+00    -1.1917041416e+00   6.3818733856e-03    5.8540322628e-01    0.0000000000e+00    0.0000000000e+00    2.1511789717e+04    
2.2104740143e-02    1.8984129652e-02    0.0000000000e+00    -1.2133557831e+00   6.1849765180e-03    5.7523531833e-01    0.0000000000e+00    0.0000000000e+00    2.1198994982e+04    
2.5168780237e-02    2.0173849538e-02    0.0000000000e+00    -1.2297336077e+00   6.0703146895e-03    5.6890403626e-01    0.0000000000e+00    0.0000000000e+00    2.0962389490e+04    
2.8387179598e-02    2.1336920559e-02    0.0000000000e+00    -1.2409801719e+00   5.9391623283e-03    5.6255909739e-01    0.0000000000e+00    0.0000000000e+00    2.0799913770e+04    
3.1755119562e-02    2.2479619831e-02    0.0000000000e+00    -1.2476372457e+00   5.8212788580e-03    5.5755407800e-01    0.0000000000e+00    0.0000000000e+00    2.0703741033e+04    
3.5281930119e-02    2.3603240028e-02    0.0000000000e+00    -1.2466023459e+00   5.7053946347e-03    5.5378877499e-01    0.0000000000e+00    0.0000000000e+00    2.0718691918e+04    
3.8962941617e-02    2.4719439447e-02    0.0000000000e+00    -1.2375999377e+00   5.5899329133e-03    5.5075369459e-01    0.0000000000e+00    0.0000000000e+00    2.0848746994e+04    
4.2803410441e-02    2.5831269100e-02    0.0000000000e+00    -1.2302142651e+00   5.5148254034e-03    5.4907693904e-01    0.0000000000e+00    0.0000000000e+00    2.0955445579e+04    
4.6807609499e-02    2.6937330142e-02    0.0000000000e+00    -1.2249332856e+00   5.4472071536e-03    5.4744322126e-01    0.0000000000e+00    0.0000000000e+00    2.1031738297e+04    
5.0977729261e-02    2.8038360178e-02    0.0000000000e+00    -1.2200700080e+00   5.3756787947e-03    5.4560865438e-01    0.0000000000e+00    0.0000000000e+00    2.1101996601e+04    
5.5320359766e-02    2.9134830460e-02    0.0000000000e+00    -1.2145985440e+00   5.2979480396e-03    5.4357917131e-01    0.0000000000e+00    0.0000000000e+00    2.1181041191e+04    
5.9836901724e-02    3.0230350792e-02    0.0000000000e+00    -1.2077773570e+00   5.2298039691e-03    5.4203879861e-01    0.0000000000e+00    0.0000000000e+00    2.1279584822e+04    
6.4531832933e-02    3.1326361001e-02    0.0000000000e+00    -1.2019336010e+00   5.1733238165e-03    5.4074448990e-01    0.0000000000e+00    0.0000000000e+00    2.1364007803e+04    
6.9410063326e-02    3.2421600074e-02    0.0000000000e+00    -1.1965960416e+00   5.1119878813e-03    5.3909771730e-01    0.0000000000e+00    0.0000000000e+00    2.1441117913e+04    
7.4474528432e-02    3.3515989780e-02    0.0000000000e+00    -1.1908422474e+00   5.0568083680e-03    5.3772162194e-01    0.0000000000e+00    0.0000000000e+00    2.1524241243e+04    
7.9730696976e-02    3.4609779716e-02    0.0000000000e+00    -1.1861851558e+00   5.0112190078e-03    5.3655029423e-01    0.0000000000e+00    0.0000000000e+00    2.1591520840e+04    
8.5181839764e-02    3.5699058324e-02    0.0000000000e+00    -1.1822681060e+00   4.9635824517e-03    5.3518527542e-01    0.0000000000e+00    0.0000000000e+00    2.1648109278e+04    
9.0832866728e-02    3.6783769727e-02    0.0000000000e+00    -1.1784141911e+00   4.9214960262e-03    5.3407080503e-01    0.0000000000e+00    0.0000000000e+00    2.1703785624e+04    
9.6687227488e-02    3.7862788886e-02    0.0000000000e+00    -1.1756927700e+00   4.8856065007e-03    5.3306703462e-01    0.0000000000e+00    0.0000000000e+00    2.1743101174e+04    
1.0274849832e-01    3.8933560252e-02    0.0000000000e+00    -1.1733774816e+00   4.8443074862e-03    5.3177599582e-01    0.0000000000e+00    0.0000000000e+00    2.1776549446e+04    
1.0902050138e-01    3.9996888489e-02    0.0000000000e+00    -1.1706913506e+00   4.7969919621e-03    5.3037478863e-01    0.0000000000e+00    0.0000000000e+00    2.1815355171e+04    
1.1550530046e-01    4.1054580361e-02    0.0000000000e+00    -1.1682425770e+00   4.7771375465e-03    5.3022853868e-01    0.0000000000e+00    0.0000000000e+00    2.1850731864e+04    
1.2220620364e-01    4.2108111084e-02    0.0000000000e+00    -1.1674365344e+00   4.7576137083e-03    5.2952829876e-01    0.0000000000e+00    0.0000000000e+00    2.1862376518e+04    
1.2912610173e-01    4.3152000755e-02    0.0000000000e+00    -1.1679819369e+00   4.7281786081e-03    5.2811344686e-01    0.0000000000e+00    0.0000000000e+00    2.1854497253e+04    
1.3626739383e-01    4.4185589999e-02    0.0000000000e+00    -1.1696280004e+00   4.7234496123e-03    5.2768591516e-01    0.0000000000e+00    0.0000000000e+00    2.1830717070e+04    
1.4363320172e-01    4.5205108821e-02    0.0000000000e+00    -1.1750573078e+00   4.7126020196e-03    5.2634940440e-01    0.0000000000e+00    0.0000000000e+00    2.1752281503e+04    
1.5122550726e-01    4.6196319163e-02    0.0000000000e+00    -1.1807427035e+00   4.6906982804e-03    5.2484457893e-01    0.0000000000e+00    0.0000000000e+00    2.1670146307e+04    
1.5904650092e-01    4.7162979841e-02    0.0000000000e+00    -1.1812423393e+00   4.6440050997e-03    5.2285525986e-01    0.0000000000e+00    0.0000000000e+00    2.1662928219e+04    
1.6709449887e-01    4.8116270453e-02    0.0000000000e+00    -1.1789921646e+00   4.5855420919e-03    5.2039859025e-01    0.0000000000e+00    0.0000000000e+00    2.1695435815e+04    
1.7537030578e-01    4.9056578428e-02    0.0000000000e+00    -1.1765325506e+00   4.5409107333e-03    5.1868728087e-01    0.0000000000e+00    0.0000000000e+00    2.1730969116e+04    
1.8387320638e-01    4.9985390157e-02    0.0000000000e+00    -1.1737071583e+00   4.5029328970e-03    5.1733788539e-01    0.0000000000e+00    0.0000000000e+00    2.1771786706e+04    
1.9260300696e-01    5.0904721022e-02    0.0000000000e+00    -1.1713048260e+00   4.4728396190e-03    5.1623732497e-01    0.0000000000e+00    0.0000000000e+00    2.1806492477e+04    
2.0155860484e-01    5.1811449230e-02    0.0000000000e+00    -1.1695013736e+00   4.4442450471e-03    5.1510018767e-01    0.0000000000e+00    0.0000000000e+00    2.1832546410e+04    
2.1073859930e-01    5.2704360336e-02    0.0000000000e+00    -1.1677686233e+00   4.4109608668e-03    5.1378558617e-01    0.0000000000e+00    0.0000000000e+00    2.1857578930e+04    
2.2014109790e-01    5.3582120687e-02    0.0000000000e+00    -1.1655739261e+00   4.3984972603e-03    5.1360177046e-01    0.0000000000e+00    0.0000000000e+00    2.1889285059e+04    
2.2976310551e-01    5.4446209222e-02    0.0000000000e+00    -1.1649066975e+00   4.4108812983e-03    5.1406510229e-01    0.0000000000e+00    0.0000000000e+00    2.1898924310e+04    
2.3960199952e-01    5.5289030075e-02    0.0000000000e+00    -1.1713187056e+00   4.4148609327e-03    5.1303445455e-01    0.0000000000e+00    0.0000000000e+00    2.1806291962e+04    
2.4965590239e-01    5.6081119925e-02    0.0000000000e+00    -1.1803765933e+00   4.4155800261e-03    5.1184606593e-01    0.0000000000e+00    0.0000000000e+00    2.1675435391e+04    
2.5992009044e-01    5.6830059737e-02    0.0000000000e+00    -1.1886029290e+00   4.4181161711e-03    5.1094825057e-01    0.0000000000e+00    0.0000000000e+00    2.1556592000e+04    
2.7038869262e-01    5.7527970523e-02    0.0000000000e+00    -1.1967594317e+00   4.4055556767e-03    5.0937141208e-01    0.0000000000e+00    0.0000000000e+00    2.1438757465e+04    
2.8105619550e-01    5.8180879802e-02    0.0000000000e+00    -1.2010174088e+00   4.3741495020e-03    5.0738724588e-01    0.0000000000e+00    0.0000000000e+00    2.1377243756e+04    
2.9191461205e-01    5.8799281716e-02    0.0000000000e+00    -1.2024450598e+00   4.3422706390e-03    5.0555630830e-01    0.0000000000e+00    0.0000000000e+00    2.1356618911e+04    
3.0295699835e-01    5.9385649860e-02    0.0000000000e+00    -1.2039569197e+00   4.3151870703e-03    5.0386704689e-01    0.0000000000e+00    0.0000000000e+00    2.1334777528e+04    
3.1417548656e-01    5.9934590012e-02    0.0000000000e+00    -1.2055655725e+00   4.2970127796e-03    5.0260672687e-01    0.0000000000e+00    0.0000000000e+00    2.1311537805e+04    
3.2556200027e-01    6.0449808836e-02    0.0000000000e+00    -1.2082157850e+00   4.2820364017e-03    5.0134805880e-01    0.0000000000e+00    0.0000000000e+00    2.1273250985e+04    
3.3710750937e-01    6.0919821262e-02    0.0000000000e+00    -1.2117351836e+00   4.2698216831e-03    5.0011060883e-01    0.0000000000e+00    0.0000000000e+00    2.1222407296e+04    
3.4880229831e-01    6.1350438744e-02    0.0000000000e+00    -1.2164967590e+00   4.2627847099e-03    4.9899351083e-01    0.0000000000e+00    0.0000000000e+00    2.1153618251e+04    
3.6063650250e-01    6.1727680266e-02    0.0000000000e+00    -1.2219583725e+00   4.2602088259e-03    4.9797502202e-01    0.0000000000e+00    0.0000000000e+00    2.1074715968e+04    
3.7259930372e-01    6.2060959637e-02    0.0000000000e+00    -1.2290404848e+00   4.2604887429e-03    4.9689350664e-01    0.0000000000e+00    0.0000000000e+00    2.0972402829e+04    
3.8467940688e-01    6.2330570072e-02    0.0000000000e+00    -1.2364018088e+00   4.2517277399e-03    4.9533968303e-01    0.0000000000e+00    0.0000000000e+00    2.0866056001e+04    
3.9686539769e-01    6.2552750111e-02    0.0000000000e+00    -1.2430080492e+00   4.2374228650e-03    4.9363460113e-01    0.0000000000e+00    0.0000000000e+00    2.0770617638e+04    
4.0914449096e-01    6.2712512910e-02    0.0000000000e+00    -1.2489821279e+00   4.2465286046e-03    4.9290160233e-01    0.0000000000e+00    0.0000000000e+00    2.0684311925e+04    
4.2150458694e-01    6.2832377851e-02    0.0000000000e+00    -1.2595164353e+00   4.2378719218e-03    4.9099068966e-01    0.0000000000e+00    0.0000000000e+00    2.0532125964e+04    
4.3393218517e-01    6.2854968011e-02    0.0000000000e+00    -1.2651276916e+00   4.1878414060e-03    4.8793427210e-01    0.0000000000e+00    0.0000000000e+00    2.0451061837e+04    
4.4641470909e-01    6.2859617174e-02    0.0000000000e+00    -1.2635368092e+00   4.1762294570e-03    4.8673139509e-01    0.0000000000e+00    0.0000000000e+00    2.0474044834e+04    
4.5893821120e-01    6.2821596861e-02    0.0000000000e+00    -1.2767965341e+00   4.1905515893e-03    4.8514812572e-01    0.0000000000e+00    0.0000000000e+00    2.0282485587e+04    
4.7148919106e-01    6.2665402889e-02    0.0000000000e+00    -1.2879190831e+00   4.2027904348e-03    4.8448454976e-01    0.0000000000e+00    0.0000000000e+00    2.0121801477e+04    
4.8405379057e-01    6.2470808625e-02    0.0000000000e+00    -1.2927930392e+00   4.1999310500e-03    4.8347531308e-01    0.0000000000e+00    0.0000000000e+00    2.0051388904e+04    
4.9661830068e-01    6.2201518565e-02    0.0000000000e+00    -1.3014120243e+00   4.1811980113e-03    4.8083803726e-01    0.0000000000e+00    0.0000000000e+00    1.9926873025e+04    
5.0916802883e-01    6.1865281314e-02    0.0000000000e+00    -1.3103117262e+00   4.1625427333e-03    4.7849202676e-01    0.0000000000e+00    0.0000000000e+00    1.9798301716e+04    
5.2168989182e-01    6.1445109546e-02    0.0000000000e+00    -1.3149031395e+00   4.0540878628e-03    4.7232302112e-01    0.0000000000e+00    0.0000000000e+00    1.9731970953e+04    
5.3416931629e-01    6.0966908932e-02    0.0000000000e+00    -1.2975506176e+00   3.5777176007e-03    4.4692386394e-01    0.0000000000e+00    0.0000000000e+00    1.9982657604e+04    
5.4659360647e-01    6.0415178537e-02    0.0000000000e+00    -1.1951481129e+00   2.3312040999e-03    3.6445516990e-01    0.0000000000e+00    0.0000000000e+00    2.1462035703e+04    
5.5894792080e-01    5.9786960483e-02    0.0000000000e+00    -9.7347295532e-01   7.4076798515e-04    1.6874470508e-01    0.0000000000e+00    0.0000000000e+00    2.4664509844e+04    
5.7121980190e-01    5.9079241008e-02    0.0000000000e+00    -7.4831464816e-01   3.0551186744e-05    4.6505290003e-02    0.0000000000e+00    0.0000000000e+00    2.7917303996e+04    
5.8339679241e-01    5.8311309665e-02    0.0000000000e+00    -6.2728622655e-01   9.2404681263e-05    8.1663869622e-02    0.0000000000e+00    0.0000000000e+00    2.9665765099e+04    
5.9546649456e-01    5.7478521019e-02    0.0000000000e+00    -5.6520496609e-01   1.9966221351e-04    1.2541636167e-01    0.0000000000e+00    0.0000000000e+00    3.0562634344e+04    
6.0741782188e-01    5.6593939662e-02    0.0000000000e+00    -5.1675978363e-01   3.3044119532e-04    1.6400227700e-01    0.0000000000e+00    0.0000000000e+00    3.1262507283e+04    
6.1923927069e-01    5.5654820055e-02    0.0000000000e+00    -4.8330920772e-01   4.6219919862e-04    1.9640772995e-01    0.0000000000e+00    0.0000000000e+00    3.1745757664e+04    
6.3091981411e-01    5.4669391364e-02    0.0000000000e+00    -4.5586956233e-01   5.7792037964e-04    2.2137378379e-01    0.0000000000e+00    0.0000000000e+00    3.2142169945e+04    
6.4244997501e-01    5.3637549281e-02    0.0000000000e+00    -4.3298094314e-01   6.8590839889e-04    2.4270290972e-01    0.0000000000e+00    0.0000000000e+00    3.2472834923e+04    
6.5382081270e-01    5.2574850619e-02    0.0000000000e+00    -4.1294486504e-01   7.8089178351e-04    2.6007990877e-01    0.0000000000e+00    0.0000000000e+00    3.2762290100e+04    
6.6502237320e-01    5.1472291350e-02    0.0000000000e+00    -3.9539183108e-01   8.4464219222e-04    2.7141384953e-01    0.0000000000e+00    0.0000000000e+00    3.3015873488e+04    
6.7604160309e-01    5.0297681242e-02    0.0000000000e+00    -3.7761794404e-01   8.5953441218e-04    2.7557276613e-01    0.0000000000e+00    0.0000000000e+00    3.3272647473e+04    
6.8687409163e-01    4.9069490284e-02    0.0000000000e+00    -3.5725458762e-01   8.8268567168e-04    2.8164144245e-01    0.0000000000e+00    0.0000000000e+00    3.3566830741e+04    
6.9752418995e-01    4.7900389880e-02    0.0000000000e+00    -3.3916979032e-01   9.3967479180e-04    2.9146666203e-01    0.0000000000e+00    0.0000000000e+00    3.3828096353e+04    
7.0798307657e-01    4.6775300056e-02    0.0000000000e+00    -3.2757843607e-01   9.9626912554e-04    2.9951280180e-01    0.0000000000e+00    0.0000000000e+00    3.3995553152e+04    
7.1823310852e-01    4.5586489141e-02    0.0000000000e+00    -3.1624498012e-01   9.9666055949e-04    3.0025135394e-01    0.0000000000e+00    0.0000000000e+00    3.4159284171e+04    
7.2826772928e-01    4.4320080429e-02    0.0000000000e+00    -2.9926386449e-01   9.7980425732e-04    3.0021064424e-01    0.0000000000e+00    0.0000000000e+00    3.4404605227e+04    
7.3809492588e-01    4.3084651232e-02    0.0000000000e+00    -2.8141873871e-01   1.0127606841e-03    3.0686306910e-01    0.0000000000e+00    0.0000000000e+00    3.4662408377e+04    
7.4771457911e-01    4.1914749891e-02    0.0000000000e+00    -2.6880398270e-01   1.0484272066e-03    3.1208039461e-01    0.0000000000e+00    0.0000000000e+00    3.4844649952e+04    
7.5711488724e-01    4.0741629899e-02    0.0000000000e+00    -2.5851426971e-01   1.0519987982e-03    3.1256521678e-01    0.0000000000e+00    0.0000000000e+00    3.4993302332e+04    
7.6628851891e-01    3.9525300264e-02    0.0000000000e+00    -2.4559270660e-01   1.0280021700e-03    3.1017324152e-01    0.0000000000e+00    0.0000000000e+00    3.5179976257e+04    
7.7523690462e-01    3.8299970329e-02    0.0000000000e+00    -2.3058468322e-01   1.0060033061e-03    3.0829939735e-01    0.0000000000e+00    0.0000000000e+00    3.5396792644e+04    
7.8396350145e-01    3.7095699459e-02    0.0000000000e+00    -2.1654531517e-01   9.9385713884e-04    3.0732662229e-01    0.0000000000e+00    0.0000000000e+00    3.5599615160e+04    
7.9246497154e-01    3.5905450583e-02    0.0000000000e+00    -2.1013049455e-01   9.8878646194e-04    3.0684613623e-01    0.0000000000e+00    0.0000000000e+00    3.5692288139e+04    
1  2  1  1  
2  3  2  2  
3  4  3  3  
4  5  4  4  
5  6  5  5  
6  7  6  6  
7  8  7  7  
8  9  8  8  
9  10  9  9  
10  11  10  10  
11  12  11  11  
12  13  12  12  
13  14  13  13  
14  15  14  14  
15  16  15  15  
16  17  16  16  
17  18  17  17  
18  19  18  18  
19  20  19  19  
20  21  20  20  
21  22  21  21  
22  23  22  22  
23  24  23  23  
24  25  24  24  
25  26  25  25  
26  27  26  26  
27  28  27  27  
28  29  28  28  
29  30  29  29  
30  31  30  30  
31  32  31  31  
32  33  32  32  
33  34  33  33  
34  35  34  34  
35  36  35  35  
36  37  36  36  
37  38  37  37  
38  39  38  38  
39  40  39  39  
40  41  40  40  
41  42  41  41  
42  43  42  42  
43  44  43  43  
44  45  44  44  
45  46  45  45  
46  47  46  46  
47  48  47  47  
48  49  48  48  
49  50  49  49  
50  51  50  50  
51  52  51  51  
52  53  52  52  
53  54  53  53  
54  55  54  54  
55  56  55  55  
56  57  56  56  
57  58  57  57  
58  59  58  58  
59  60  59  59  
60  61  60  60  
61  62  61  61  
62  63  62  62  
63  64  63  63  
64  65  64  64  
65  66  65  65  
66  67  66  66  
67  68  67  67  
68  69  68  68  
69  70  69  69  
70  71  70  70  
71  72  71  71  
72  73  72  72  
73  74  73  73  
74  75  74  74  
75  76  75  75  
76  77  76  76  
77  78  77  77  
78  79  78  78  
79  80  79  79  
80  81  80  80  
81  82  81  81  
82  83  82  82  
83  84  83  83  
84  85  84  84  
85  86  85  85  
86  87  86  86  
87  88  87  87  
88  89  88  88  
89  90  89  89  
90  91  90  90  
91  92  91  91  
92  93  92  92  
93  94  93  93  
94  95  94  94  
95  96  95  95  
96  97  96  96  
97  98  97  97  
98  99  98  98  
99  100  99  99  
100  101  100  100  
101  102  101  101  
102  103  102  102  
103  104  103  103  
104  105  104  104  
105  106  105  105  
106  107  106  106  
107  108  107  107  
108  109  108  108  
109  110  109  109  
110  111  110  110  
111  112  111  111  
112  113  112  112  
113  114  113  113  
114  115  114  114  
115  116  115  115  
116  117  116  116  
117  118  117  117  
118  119  118  118  
119  120  119  119  
120  121  120  120  
121  122  121  121  
122  123  122  122  
123  124  123  123  
124  125  124  124  
125  126  125  125  
126  127  126  126  
127  128  127  127  
128  129  128  128  
129  130  129  129  
130  131  130  130  
131  132  131  131  
132  133  132  132  
133  134  133  133  
134  135  134  134  
135  136  135  135  
136  137  136  136  
137  138  137  137  
138  139  138  138  
139  140  139  139  
140  141  140  140  
141  142  141  141  
142  143  142  142  
143  144  143  143  
zone T = "Zone_3_wall"
N = 162
E = 161
f = FEPOINT
ET = quadrilateral
1.0000000000e+00    0.0000000000e+00    0.0000000000e+00    4.4727326130e-02    3.9687931958e-03    3.8847917989e-01    0.0000000000e+00    0.0000000000e+00    3.9374142205e+04    
9.9900031090e-01    -1.3740630038e-06   0.0000000000e+00    1.6238043729e-01    3.7363018096e-03    4.8278512013e-01    0.0000000000e+00    0.0000000000e+00    4.1073841216e+04    
9.9908882380e-01    3.9022910642e-04    0.0000000000e+00    2.8876950801e-02    3.0889417008e-03    3.8356370074e-01    0.0000000000e+00    0.0000000000e+00    3.9145156613e+04    
9.9795627594e-01    6.6346561653e-05    0.0000000000e+00    2.2050062271e-01    2.6940415705e-03    5.4336165135e-01    0.0000000000e+00    0.0000000000e+00    4.1913486005e+04    
9.9686479568e-01    1.3105300604e-04    0.0000000000e+00    2.2607185262e-01    2.3996250829e-03    5.2115526483e-01    0.0000000000e+00    0.0000000000e+00    4.1993971883e+04    
9.9572378397e-01    1.9646750297e-04    0.0000000000e+00    2.3278118449e-01    2.3054204241e-03    5.1102265755e-01    0.0000000000e+00    0.0000000000e+00    4.2090899577e+04    
9.9453121424e-01    2.6320849429e-04    0.0000000000e+00    2.4038046049e-01    2.2344358292e-03    5.0362198283e-01    0.0000000000e+00    0.0000000000e+00    4.2200684025e+04    
9.9328458309e-01    3.3114169491e-04    0.0000000000e+00    2.4747423722e-01    2.1656384879e-03    4.9649202243e-01    0.0000000000e+00    0.0000000000e+00    4.2303165678e+04    
9.9198192358e-01    4.0053890552e-04    0.0000000000e+00    2.5426249805e-01    2.0977656607e-03    4.8953371018e-01    0.0000000000e+00    0.0000000000e+00    4.2401233635e+04    
9.9062037468e-01    4.6899658628e-04    0.0000000000e+00    2.5973196945e-01    2.0339843024e-03    4.8266466930e-01    0.0000000000e+00    0.0000000000e+00    4.2480249439e+04    
9.8919790983e-01    5.3514802130e-04    0.0000000000e+00    2.6436142701e-01    1.9860840517e-03    4.7713218276e-01    0.0000000000e+00    0.0000000000e+00    4.2547129816e+04    
9.8771148920e-01    6.0049648164e-04    0.0000000000e+00    2.6883501318e-01    1.9474926798e-03    4.7263876358e-01    0.0000000000e+00    0.0000000000e+00    4.2611758366e+04    
9.8615878820e-01    6.6498422530e-04    0.0000000000e+00    2.7292108389e-01    1.9137906888e-03    4.6870477120e-01    0.0000000000e+00    0.0000000000e+00    4.2670788597e+04    
9.8453718424e-01    7.2864268441e-04    0.0000000000e+00    2.7697569706e-01    1.8862209571e-03    4.6546919722e-01    0.0000000000e+00    0.0000000000e+00    4.2729364370e+04    
9.8284369707e-01    7.9280917998e-04    0.0000000000e+00    2.8139242824e-01    1.8560910302e-03    4.6215198710e-01    0.0000000000e+00    0.0000000000e+00    4.2793171554e+04    
9.8107552528e-01    8.5642351769e-04    0.0000000000e+00    2.8574963597e-01    1.8177327050e-03    4.5795509364e-01    0.0000000000e+00    0.0000000000e+00    4.2856118820e+04    
9.7922939062e-01    9.1717252508e-04    0.0000000000e+00    2.8929599803e-01    1.7810837616e-03    4.5362581392e-01    0.0000000000e+00    0.0000000000e+00    4.2907352043e+04    
9.7730237246e-01    9.7360322252e-04    0.0000000000e+00    2.9260326366e-01    1.7535507495e-03    4.5014918454e-01    0.0000000000e+00    0.0000000000e+00    4.2955131112e+04    
9.7529131174e-01    1.0287270416e-03    0.0000000000e+00    2.9630067447e-01    1.7246208081e-03    4.4675773856e-01    0.0000000000e+00    0.0000000000e+00    4.3008546490e+04    
9.7319269180e-01    1.0805439670e-03    0.0000000000e+00    2.9956868944e-01    1.6907490302e-03    4.4272396941e-01    0.0000000000e+00    0.0000000000e+00    4.3055758517e+04    
9.7100341320e-01    1.1258149752e-03    0.0000000000e+00    3.0215195316e-01    1.6727010638e-03    4.4021056260e-01    0.0000000000e+00    0.0000000000e+00    4.3093078149e+04    
9.6871972084e-01    1.1677310104e-03    0.0000000000e+00    3.0635755198e-01    1.6583164121e-03    4.3845011868e-01    0.0000000000e+00    0.0000000000e+00    4.3153835166e+04    
9.6633821726e-01    1.2097429717e-03    0.0000000000e+00    3.1182927039e-01    1.6318759823e-03    4.3614997798e-01    0.0000000000e+00    0.0000000000e+00    4.3232883432e+04    
9.6385508776e-01    1.2412529904e-03    0.0000000000e+00    3.1357168827e-01    1.6027906030e-03    4.3300323307e-01    0.0000000000e+00    0.0000000000e+00    4.3258055618e+04    
9.6126681566e-01    1.2499999721e-03    0.0000000000e+00    3.1287250614e-01    1.5850536859e-03    4.2972774782e-01    0.0000000000e+00    0.0000000000e+00    4.3247954744e+04    
9.5856928825e-01    1.2499999721e-03    0.0000000000e+00    3.1364152930e-01    1.5756743766e-03    4.2742141224e-01    0.0000000000e+00    0.0000000000e+00    4.3259064590e+04    
9.5575881004e-01    1.2499999721e-03    0.0000000000e+00    3.1608892169e-01    1.5595219464e-03    4.2527105012e-01    0.0000000000e+00    0.0000000000e+00    4.3294421330e+04    
9.5283120871e-01    1.2499999721e-03    0.0000000000e+00    3.2003913881e-01    1.5387958757e-03    4.2343182535e-01    0.0000000000e+00    0.0000000000e+00    4.3351488925e+04    
9.4978260994e-01    1.2428699993e-03    0.0000000000e+00    3.2276154041e-01    1.5027099323e-03    4.1938777768e-01    0.0000000000e+00    0.0000000000e+00    4.3390818640e+04    
9.4660872221e-01    1.2127209920e-03    0.0000000000e+00    3.2344662996e-01    1.4786851967e-03    4.1587120988e-01    0.0000000000e+00    0.0000000000e+00    4.3400715922e+04    
9.4330531359e-01    1.1662179604e-03    0.0000000000e+00    3.2531236916e-01    1.4686340950e-03    4.1423260064e-01    0.0000000000e+00    0.0000000000e+00    4.3427669693e+04    
9.3986850977e-01    1.1117029935e-03    0.0000000000e+00    3.2724249005e-01    1.4410126384e-03    4.1091493732e-01    0.0000000000e+00    0.0000000000e+00    4.3455553568e+04    
9.3629372120e-01    1.0324670002e-03    0.0000000000e+00    3.2715766623e-01    1.4125644267e-03    4.0700858525e-01    0.0000000000e+00    0.0000000000e+00    4.3454328143e+04    
9.3257659674e-01    9.2720048269e-04    0.0000000000e+00    3.2705719327e-01    1.3950503680e-03    4.0409089303e-01    0.0000000000e+00    0.0000000000e+00    4.3452876641e+04    
9.2871302366e-01    8.0525991507e-04    0.0000000000e+00    3.2757295242e-01    1.3892291425e-03    4.0329737801e-01    0.0000000000e+00    0.0000000000e+00    4.3460327658e+04    
9.2469859123e-01    6.6113547655e-04    0.0000000000e+00    3.2717551158e-01    1.3782300671e-03    4.0182351626e-01    0.0000000000e+00    0.0000000000e+00    4.3454585950e+04    
9.2052882910e-01    4.8754390446e-04    0.0000000000e+00    3.2606497504e-01    1.3638051688e-03    3.9942630702e-01    0.0000000000e+00    0.0000000000e+00    4.3438542363e+04    
9.1619938612e-01    2.9135021032e-04    0.0000000000e+00    3.2535588607e-01    1.3604490756e-03    3.9877167901e-01    0.0000000000e+00    0.0000000000e+00    4.3428298369e+04    
9.1170579195e-01    7.2574446676e-05    0.0000000000e+00    3.2433965608e-01    1.3520637779e-03    3.9760744585e-01    0.0000000000e+00    0.0000000000e+00    4.3413617201e+04    
9.0704369545e-01    -1.7671330716e-04   0.0000000000e+00    3.2280648172e-01    1.3434473032e-03    3.9623424172e-01    0.0000000000e+00    0.0000000000e+00    4.3391467893e+04    
9.0220892429e-01    -4.5400261297e-04   0.0000000000e+00    3.2132450503e-01    1.3388816416e-03    3.9547667860e-01    0.0000000000e+00    0.0000000000e+00    4.3370058223e+04    
8.9719730616e-01    -7.6174631249e-04   0.0000000000e+00    3.1928441092e-01    1.3338958465e-03    3.9466526186e-01    0.0000000000e+00    0.0000000000e+00    4.3340585599e+04    
8.9200448990e-01    -1.1057599913e-03   0.0000000000e+00    3.1675466222e-01    1.3327180938e-03    3.9421645008e-01    0.0000000000e+00    0.0000000000e+00    4.3304039082e+04    
8.8662648201e-01    -1.4816899784e-03   0.0000000000e+00    3.1428518689e-01    1.3340590818e-03    3.9420628237e-01    0.0000000000e+00    0.0000000000e+00    4.3268363317e+04    
8.8105952740e-01    -1.8912849482e-03   0.0000000000e+00    3.1141519245e-01    1.3346572135e-03    3.9415744479e-01    0.0000000000e+00    0.0000000000e+00    4.3226901373e+04    
8.7529927492e-01    -2.3394608870e-03   0.0000000000e+00    3.0825926158e-01    1.3367915579e-03    3.9426719244e-01    0.0000000000e+00    0.0000000000e+00    4.3181308591e+04    
8.6934250593e-01    -2.8241539840e-03   0.0000000000e+00    3.0486737826e-01    1.3392330798e-03    3.9443751855e-01    0.0000000000e+00    0.0000000000e+00    4.3132307076e+04    
8.6318582296e-01    -3.3510280773e-03   0.0000000000e+00    3.0079579504e-01    1.3439455215e-03    3.9480662086e-01    0.0000000000e+00    0.0000000000e+00    4.3073486141e+04    
8.5682559013e-01    -3.9199548773e-03   0.0000000000e+00    2.9660382173e-01    1.3525174345e-03    3.9565291681e-01    0.0000000000e+00    0.0000000000e+00    4.3012925967e+04    
8.5025858879e-01    -4.5261578634e-03   0.0000000000e+00    2.9247346124e-01    1.3602606550e-03    3.9653432366e-01    0.0000000000e+00    0.0000000000e+00    4.2953255895e+04    
8.4348201752e-01    -5.1743248478e-03   0.0000000000e+00    2.8810170659e-01    1.3661252741e-03    3.9723042602e-01    0.0000000000e+00    0.0000000000e+00    4.2890098474e+04    
8.3649361134e-01    -5.8677662164e-03   0.0000000000e+00    2.8330143816e-01    1.3715790882e-03    3.9781484290e-01    0.0000000000e+00    0.0000000000e+00    4.2820750444e+04    
8.2929158211e-01    -6.6118650138e-03   0.0000000000e+00    2.7765653456e-01    1.3800995935e-03    3.9863497666e-01    0.0000000000e+00    0.0000000000e+00    4.2739200224e+04    
8.2187402248e-01    -7.4077798054e-03   0.0000000000e+00    2.7165627682e-01    1.3936968861e-03    4.0004670862e-01    0.0000000000e+00    0.0000000000e+00    4.2652516311e+04    
8.1423842907e-01    -8.2485210150e-03   0.0000000000e+00    2.6553994350e-01    1.4082319092e-03    4.0167503005e-01    0.0000000000e+00    0.0000000000e+00    4.2564155488e+04    
8.0638402700e-01    -9.1381138191e-03   0.0000000000e+00    2.5898801521e-01    1.4228648518e-03    4.0330411084e-01    0.0000000000e+00    0.0000000000e+00    4.2469501756e+04    
7.9830992222e-01    -1.0075979866e-02   0.0000000000e+00    2.5233677614e-01    1.4383527151e-03    4.0502894349e-01    0.0000000000e+00    0.0000000000e+00    4.2373413311e+04    
7.9001551867e-01    -1.1060879566e-02   0.0000000000e+00    2.4560650668e-01    1.4521726628e-03    4.0662787615e-01    0.0000000000e+00    0.0000000000e+00    4.2276183138e+04    
7.8150111437e-01    -1.2097720057e-02   0.0000000000e+00    2.3834425891e-01    1.4642408868e-03    4.0799562003e-01    0.0000000000e+00    0.0000000000e+00    4.2171267635e+04    
7.7276867628e-01    -1.3193090446e-02   0.0000000000e+00    2.2987469936e-01    1.4795677388e-03    4.0954982926e-01    0.0000000000e+00    0.0000000000e+00    4.2048910463e+04    
7.6381909847e-01    -1.4350139536e-02   0.0000000000e+00    2.2059803521e-01    1.5025476247e-03    4.1188806794e-01    0.0000000000e+00    0.0000000000e+00    4.1914893294e+04    
7.5465291739e-01    -1.5557359904e-02   0.0000000000e+00    2.1103879108e-01    1.5294488008e-03    4.1477942372e-01    0.0000000000e+00    0.0000000000e+00    4.1776793777e+04    
7.4527221918e-01    -1.6815239564e-02   0.0000000000e+00    2.0096144848e-01    1.5567663707e-03    4.1775741955e-01    0.0000000000e+00    0.0000000000e+00    4.1631209448e+04    
7.3567962646e-01    -1.8122799695e-02   0.0000000000e+00    1.9032467344e-01    1.5853660037e-03    4.2081212290e-01    0.0000000000e+00    0.0000000000e+00    4.1477543167e+04    
7.2587847710e-01    -1.9480280578e-02   0.0000000000e+00    1.7893041309e-01    1.6169134882e-03    4.2408919790e-01    0.0000000000e+00    0.0000000000e+00    4.1312933725e+04    
7.1587252617e-01    -2.0884910598e-02   0.0000000000e+00    1.6715945143e-01    1.6517958680e-03    4.2769057479e-01    0.0000000000e+00    0.0000000000e+00    4.1142882192e+04    
7.0566517115e-01    -2.2329900414e-02   0.0000000000e+00    1.5508594677e-01    1.6874397509e-03    4.3138164076e-01    0.0000000000e+00    0.0000000000e+00    4.0968459912e+04    
6.9526201487e-01    -2.3816650733e-02   0.0000000000e+00    1.4247061221e-01    1.7232978234e-03    4.3502602443e-01    0.0000000000e+00    0.0000000000e+00    4.0786209978e+04    
6.8466848135e-01    -2.5342950597e-02   0.0000000000e+00    1.2901952530e-01    1.7617113617e-03    4.3878072530e-01    0.0000000000e+00    0.0000000000e+00    4.0591886183e+04    
6.7389112711e-01    -2.6908300817e-02   0.0000000000e+00    1.1500956077e-01    1.8052661479e-03    4.4296708374e-01    0.0000000000e+00    0.0000000000e+00    4.0389488451e+04    
6.6293537617e-01    -2.8501370922e-02   0.0000000000e+00    1.0115026170e-01    1.8532207542e-03    4.4785552919e-01    0.0000000000e+00    0.0000000000e+00    4.0189267337e+04    
6.5180897713e-01    -3.0121000484e-02   0.0000000000e+00    8.6672443686e-02    1.8859856344e-03    4.5122564189e-01    0.0000000000e+00    0.0000000000e+00    3.9980110667e+04    
6.4052349329e-01    -3.1788550317e-02   0.0000000000e+00    6.5203442224e-02    1.8340982890e-03    4.4303322438e-01    0.0000000000e+00    0.0000000000e+00    3.9669954478e+04    
6.2908911705e-01    -3.3515330404e-02   0.0000000000e+00    4.0413311664e-02    1.9226512445e-03    4.4972153380e-01    0.0000000000e+00    0.0000000000e+00    3.9311818939e+04    
6.1750072241e-01    -3.5192150623e-02   0.0000000000e+00    2.6062846331e-02    2.0024679796e-03    4.5760270781e-01    0.0000000000e+00    0.0000000000e+00    3.9104502095e+04    
6.0576337576e-01    -3.6791201681e-02   0.0000000000e+00    1.7002064986e-02    2.0363033647e-03    4.6208011415e-01    0.0000000000e+00    0.0000000000e+00    3.8973603720e+04    
5.9390312433e-01    -3.8414020091e-02   0.0000000000e+00    1.0734790714e-03    2.1640484984e-03    4.7609050291e-01    0.0000000000e+00    0.0000000000e+00    3.8743488243e+04    
5.8193409443e-01    -4.0086571127e-02   0.0000000000e+00    -1.9302580966e-02   2.2178892003e-03    4.7947748766e-01    0.0000000000e+00    0.0000000000e+00    3.8449121450e+04    
5.6985998154e-01    -4.1745901108e-02   0.0000000000e+00    -4.0169450929e-02   2.2935456931e-03    4.8501540207e-01    0.0000000000e+00    0.0000000000e+00    3.8147664073e+04    
5.5769121647e-01    -4.3381989002e-02   0.0000000000e+00    -6.1405977338e-02   2.3784808988e-03    4.9179944772e-01    0.0000000000e+00    0.0000000000e+00    3.7840866381e+04    
5.4543852806e-01    -4.4979691505e-02   0.0000000000e+00    -8.2281627917e-02   2.4613818521e-03    4.9829851117e-01    0.0000000000e+00    0.0000000000e+00    3.7539282154e+04    
5.3311371803e-01    -4.6535149217e-02   0.0000000000e+00    -1.0277646682e-01   2.5397064905e-03    5.0430848346e-01    0.0000000000e+00    0.0000000000e+00    3.7243199398e+04    
5.2073049545e-01    -4.8043008894e-02   0.0000000000e+00    -1.2513154201e-01   2.6252455812e-03    5.1049798915e-01    0.0000000000e+00    0.0000000000e+00    3.6920242369e+04    
5.0830227137e-01    -4.9507409334e-02   0.0000000000e+00    -1.4827280641e-01   2.7239567064e-03    5.1734140604e-01    0.0000000000e+00    0.0000000000e+00    3.6585927502e+04    
4.9583891034e-01    -5.0891399384e-02   0.0000000000e+00    -1.6994390708e-01   2.8259722175e-03    5.2450640892e-01    0.0000000000e+00    0.0000000000e+00    3.6272851647e+04    
4.8335349560e-01    -5.2195020020e-02   0.0000000000e+00    -1.9009934859e-01   2.9231794404e-03    5.3142652551e-01    0.0000000000e+00    0.0000000000e+00    3.5981672063e+04    
4.7086060047e-01    -5.3407199681e-02   0.0000000000e+00    -2.1114367125e-01   3.0256851579e-03    5.3838777171e-01    0.0000000000e+00    0.0000000000e+00    3.5677651080e+04    
4.5837390423e-01    -5.4537829012e-02   0.0000000000e+00    -2.3081375646e-01   3.1354064736e-03    5.4563964781e-01    0.0000000000e+00    0.0000000000e+00    3.5393483292e+04    
4.4590610266e-01    -5.5547021329e-02   0.0000000000e+00    -2.4724912656e-01   3.2389370125e-03    5.5255768999e-01    0.0000000000e+00    0.0000000000e+00    3.5156046458e+04    
4.3346989155e-01    -5.6449878961e-02   0.0000000000e+00    -2.6281114235e-01   3.3353473323e-03    5.5908047327e-01    0.0000000000e+00    0.0000000000e+00    3.4931226709e+04    
4.2108088732e-01    -5.7222671807e-02   0.0000000000e+00    -2.7849403413e-01   3.4486535012e-03    5.6690942949e-01    0.0000000000e+00    0.0000000000e+00    3.4704660702e+04    
4.0875199437e-01    -5.7891629636e-02   0.0000000000e+00    -2.8699736193e-01   3.5517676626e-03    5.7422677594e-01    0.0000000000e+00    0.0000000000e+00    3.4581815690e+04    
3.9649680257e-01    -5.8402799070e-02   0.0000000000e+00    -2.9291483513e-01   3.5679318198e-03    5.7489787058e-01    0.0000000000e+00    0.0000000000e+00    3.4496327739e+04    
3.8432928920e-01    -5.8805190027e-02   0.0000000000e+00    -2.9172888569e-01   3.4723375698e-03    5.6711653316e-01    0.0000000000e+00    0.0000000000e+00    3.4513460793e+04    
3.7226250768e-01    -5.9030041099e-02   0.0000000000e+00    -2.8462615548e-01   3.6093480965e-03    5.7885169436e-01    0.0000000000e+00    0.0000000000e+00    3.4616071794e+04    
3.6030921340e-01    -5.9170719236e-02   0.0000000000e+00    -2.7809927506e-01   3.7830498650e-03    5.9361315302e-01    0.0000000000e+00    0.0000000000e+00    3.4710363667e+04    
3.4848260880e-01    -5.9170689434e-02   0.0000000000e+00    -2.6185578853e-01   3.7621009622e-03    5.9403963056e-01    0.0000000000e+00    0.0000000000e+00    3.4945028418e+04    
3.3679309487e-01    -5.9063158929e-02   0.0000000000e+00    -2.5047523504e-01   3.7080006951e-03    5.9176371920e-01    0.0000000000e+00    0.0000000000e+00    3.5109439841e+04    
3.2525330782e-01    -5.8892071247e-02   0.0000000000e+00    -2.3725266110e-01   3.6325827389e-03    5.8696593559e-01    0.0000000000e+00    0.0000000000e+00    3.5300462379e+04    
3.1387171149e-01    -5.8589451015e-02   0.0000000000e+00    -2.1972335578e-01   3.6831902132e-03    5.9306031058e-01    0.0000000000e+00    0.0000000000e+00    3.5553702966e+04    
3.0265828967e-01    -5.8225780725e-02   0.0000000000e+00    -2.0228977277e-01   3.7392290969e-03    5.9991900636e-01    0.0000000000e+00    0.0000000000e+00    3.5805560681e+04    
2.9162159562e-01    -5.7772640139e-02   0.0000000000e+00    -1.8321213077e-01   3.7131055556e-03    6.0026881769e-01    0.0000000000e+00    0.0000000000e+00    3.6081169621e+04    
2.8076928854e-01    -5.7271469384e-02   0.0000000000e+00    -1.6684644868e-01   3.6795348631e-03    5.9955740732e-01    0.0000000000e+00    0.0000000000e+00    3.6317599694e+04    
2.7010789514e-01    -5.6710980833e-02   0.0000000000e+00    -1.5099377946e-01   3.6672694339e-03    6.0009132300e-01    0.0000000000e+00    0.0000000000e+00    3.6546618425e+04    
2.5964578986e-01    -5.6099370122e-02   0.0000000000e+00    -1.3353746215e-01   3.6542895534e-03    6.0090770800e-01    0.0000000000e+00    0.0000000000e+00    3.6798804576e+04    
2.4938739836e-01    -5.5427450687e-02   0.0000000000e+00    -1.1496746719e-01   3.6262257672e-03    6.0089099467e-01    0.0000000000e+00    0.0000000000e+00    3.7067079692e+04    
2.3933799565e-01    -5.4721269757e-02   0.0000000000e+00    -1.0658292851e-01   3.6076544878e-03    6.0050058461e-01    0.0000000000e+00    0.0000000000e+00    3.7188208594e+04    
7.9246497154e-01    3.5905450583e-02    0.0000000000e+00    -1.9729888797e-01   9.7193743063e-04    3.0491138312e-01    0.0000000000e+00    0.0000000000e+00    3.5877662489e+04    
8.0074077845e-01    3.4724928439e-02    0.0000000000e+00    -1.9085953967e-01   9.6171100632e-04    3.0369244587e-01    0.0000000000e+00    0.0000000000e+00    3.5970689811e+04    
8.0879157782e-01    3.3554349095e-02    0.0000000000e+00    -1.7816927652e-01   9.4058781592e-04    3.0110289379e-01    0.0000000000e+00    0.0000000000e+00    3.6154022216e+04    
8.1661748886e-01    3.2396879047e-02    0.0000000000e+00    -1.6565452898e-01   9.1744668730e-04    2.9811459684e-01    0.0000000000e+00    0.0000000000e+00    3.6334818999e+04    
8.2422012091e-01    3.1252481043e-02    0.0000000000e+00    -1.5334413477e-01   8.9203841030e-04    2.9473469688e-01    0.0000000000e+00    0.0000000000e+00    3.6512663551e+04    
8.3160030842e-01    3.0124029145e-02    0.0000000000e+00    -1.4114505809e-01   8.6658758896e-04    2.9129915710e-01    0.0000000000e+00    0.0000000000e+00    3.6688899932e+04    
8.3876138926e-01    2.9018869624e-02    0.0000000000e+00    -1.2934621130e-01   8.4336101983e-04    2.8804431464e-01    0.0000000000e+00    0.0000000000e+00    3.6859354313e+04    
8.4570598602e-01    2.7937009931e-02    0.0000000000e+00    -1.1810798357e-01   8.2076343103e-04    2.8471773897e-01    0.0000000000e+00    0.0000000000e+00    3.7021709599e+04    
8.5243541002e-01    2.6876850054e-02    0.0000000000e+00    -1.0723913941e-01   7.9703833188e-04    2.8111572436e-01    0.0000000000e+00    0.0000000000e+00    3.7178728513e+04    
8.5895270109e-01    2.5837600231e-02    0.0000000000e+00    -9.6630325858e-02   7.7237055154e-04    2.7728668183e-01    0.0000000000e+00    0.0000000000e+00    3.7331990842e+04    
8.6526101828e-01    2.4820089340e-02    0.0000000000e+00    -8.6274663444e-02   7.4753059977e-04    2.7333086264e-01    0.0000000000e+00    0.0000000000e+00    3.7481595974e+04    
8.7136429548e-01    2.3825220764e-02    0.0000000000e+00    -7.6225188071e-02   7.2276465415e-04    2.6926928162e-01    0.0000000000e+00    0.0000000000e+00    3.7626777714e+04    
8.7726497650e-01    2.2853029892e-02    0.0000000000e+00    -6.6481106230e-02   6.9787613693e-04    2.6508022553e-01    0.0000000000e+00    0.0000000000e+00    3.7767547525e+04    
8.8296812773e-01    2.1903870627e-02    0.0000000000e+00    -5.7011517769e-02   6.7321541435e-04    2.6082388598e-01    0.0000000000e+00    0.0000000000e+00    3.7904351813e+04    
8.8847637177e-01    2.0978840068e-02    0.0000000000e+00    -4.7859291959e-02   6.4906104613e-04    2.5653376623e-01    0.0000000000e+00    0.0000000000e+00    3.8036571259e+04    
8.9379507303e-01    2.0077509806e-02    0.0000000000e+00    -3.9021082008e-02   6.2513591975e-04    2.5216491706e-01    0.0000000000e+00    0.0000000000e+00    3.8164254213e+04    
8.9892762899e-01    1.9199930131e-02    0.0000000000e+00    -3.0470016943e-02   6.0144400335e-04    2.4771973520e-01    0.0000000000e+00    0.0000000000e+00    3.8287788870e+04    
9.0387892723e-01    1.8346000463e-02    0.0000000000e+00    -2.2220117596e-02   5.7789008558e-04    2.4318340417e-01    0.0000000000e+00    0.0000000000e+00    3.8406972678e+04    
9.0865278244e-01    1.7515119165e-02    0.0000000000e+00    -1.4234853223e-02   5.5453088066e-04    2.3858939439e-01    0.0000000000e+00    0.0000000000e+00    3.8522333384e+04    
9.1325378418e-01    1.6708189622e-02    0.0000000000e+00    -6.5096347835e-03   5.3217413332e-04    2.3409657633e-01    0.0000000000e+00    0.0000000000e+00    3.8633937285e+04    
9.1768682003e-01    1.5926089138e-02    0.0000000000e+00    9.0863423209e-04    5.1148830041e-04    2.2980369932e-01    0.0000000000e+00    0.0000000000e+00    3.8741106780e+04    
9.2195612192e-01    1.5169089660e-02    0.0000000000e+00    7.9704183573e-03    4.9179948288e-04    2.2554543836e-01    0.0000000000e+00    0.0000000000e+00    3.8843126245e+04    
9.2606657743e-01    1.4434189536e-02    0.0000000000e+00    1.4720981407e-02    4.7140490327e-04    2.2098477249e-01    0.0000000000e+00    0.0000000000e+00    3.8940649593e+04    
9.3002158403e-01    1.3718860224e-02    0.0000000000e+00    2.1262078781e-02    4.4919654698e-04    2.1593994034e-01    0.0000000000e+00    0.0000000000e+00    3.9035146854e+04    
9.3382489681e-01    1.3021520339e-02    0.0000000000e+00    2.7697421881e-02    4.2613504233e-04    2.1065903318e-01    0.0000000000e+00    0.0000000000e+00    3.9128116315e+04    
9.3748331070e-01    1.2344920076e-02    0.0000000000e+00    3.4005120193e-02    4.0493561023e-04    2.0571417453e-01    0.0000000000e+00    0.0000000000e+00    3.9219241730e+04    
9.4100052118e-01    1.1692480184e-02    0.0000000000e+00    4.0013738047e-02    3.8701734703e-04    2.0137438480e-01    0.0000000000e+00    0.0000000000e+00    3.9306046420e+04    
9.4438147545e-01    1.1064729653e-02    0.0000000000e+00    4.5640194937e-02    3.7111761902e-04    1.9735251892e-01    0.0000000000e+00    0.0000000000e+00    3.9387330145e+04    
9.4763058424e-01    1.0459340177e-02    0.0000000000e+00    5.0948073497e-02    3.5556681068e-04    1.9329733469e-01    0.0000000000e+00    0.0000000000e+00    3.9464011466e+04    
9.5075178146e-01    9.8747974262e-03    0.0000000000e+00    5.6012158084e-02    3.3991273410e-04    1.8912299337e-01    0.0000000000e+00    0.0000000000e+00    3.9537170769e+04    
9.5374852419e-01    9.3097826466e-03    0.0000000000e+00    6.0853739159e-02    3.2417325111e-04    1.8485145390e-01    0.0000000000e+00    0.0000000000e+00    3.9607115630e+04    
9.5662558079e-01    8.7635330856e-03    0.0000000000e+00    6.5518496809e-02    3.0894787034e-04    1.8066069968e-01    0.0000000000e+00    0.0000000000e+00    3.9674505977e+04    
9.5938742161e-01    8.2371104509e-03    0.0000000000e+00    6.9986648981e-02    2.9537361147e-04    1.7685642722e-01    0.0000000000e+00    0.0000000000e+00    3.9739056024e+04    
9.6203821898e-01    7.7312579378e-03    0.0000000000e+00    7.4219588408e-02    2.8412255520e-04    1.7361602128e-01    0.0000000000e+00    0.0000000000e+00    3.9800208023e+04    
9.6458131075e-01    7.2465990670e-03    0.0000000000e+00    7.8174287945e-02    2.7485029395e-04    1.7083279870e-01    0.0000000000e+00    0.0000000000e+00    3.9857340374e+04    
9.6702152491e-01    6.7809610628e-03    0.0000000000e+00    8.1852918978e-02    2.6612487949e-04    1.6811505098e-01    0.0000000000e+00    0.0000000000e+00    3.9910484447e+04    
9.6936148405e-01    6.3320691697e-03    0.0000000000e+00    8.5322060624e-02    2.5681922018e-04    1.6516985560e-01    0.0000000000e+00    0.0000000000e+00    3.9960602090e+04    
9.7160422802e-01    5.8980020694e-03    0.0000000000e+00    8.8628886003e-02    2.4673224069e-04    1.6197424684e-01    0.0000000000e+00    0.0000000000e+00    4.0008374799e+04    
9.7375380993e-01    5.4777772166e-03    0.0000000000e+00    9.1825263876e-02    2.3682451616e-04    1.5884711804e-01    0.0000000000e+00    0.0000000000e+00    4.0054551906e+04    
9.7581422329e-01    5.0727128983e-03    0.0000000000e+00    9.4891823246e-02    2.2880625391e-04    1.5631572841e-01    0.0000000000e+00    0.0000000000e+00    4.0098853565e+04    
9.7778862715e-01    4.6840119176e-03    0.0000000000e+00    9.7766830618e-02    2.2362925533e-04    1.5467445523e-01    0.0000000000e+00    0.0000000000e+00    4.0140387929e+04    
9.7968047857e-01    4.3123192154e-03    0.0000000000e+00    1.0040603137e-01    2.2119130448e-04    1.5388370873e-01    0.0000000000e+00    0.0000000000e+00    4.0178515666e+04    
9.8149371147e-01    3.9564608596e-03    0.0000000000e+00    1.0277995118e-01    2.2060569217e-04    1.5366935468e-01    0.0000000000e+00    0.0000000000e+00    4.0212810970e+04    
9.8322969675e-01    3.6147569772e-03    0.0000000000e+00    1.0490588943e-01    2.2125364240e-04    1.5388053118e-01    0.0000000000e+00    0.0000000000e+00    4.0243523758e+04    
9.8489248753e-01    3.2853609882e-03    0.0000000000e+00    1.0681385151e-01    2.2416798015e-04    1.5491587055e-01    0.0000000000e+00    0.0000000000e+00    4.0271087511e+04    
9.8648428917e-01    2.9676209670e-03    0.0000000000e+00    1.0851810306e-01    2.3258680152e-04    1.5784915559e-01    0.0000000000e+00    0.0000000000e+00    4.0295708319e+04    
9.8800820112e-01    2.6616039686e-03    0.0000000000e+00    1.0998360319e-01    2.5045999341e-04    1.6383206112e-01    0.0000000000e+00    0.0000000000e+00    4.0316879958e+04    
9.8946630955e-01    2.3672280367e-03    0.0000000000e+00    1.1146822249e-01    2.8393691454e-04    1.7440467908e-01    0.0000000000e+00    0.0000000000e+00    4.0338327805e+04    
9.9086219072e-01    2.0840968937e-03    0.0000000000e+00    1.1314160537e-01    3.3063098585e-04    1.8821025684e-01    0.0000000000e+00    0.0000000000e+00    4.0362502663e+04    
9.9219781160e-01    1.8120800378e-03    0.0000000000e+00    1.1431343057e-01    3.8740016097e-04    2.0364145815e-01    0.0000000000e+00    0.0000000000e+00    4.0379431668e+04    
9.9347597361e-01    1.5501220478e-03    0.0000000000e+00    1.1567082648e-01    4.8338252467e-04    2.2702851521e-01    0.0000000000e+00    0.0000000000e+00    4.0399041557e+04    
9.9469852448e-01    1.2974679703e-03    0.0000000000e+00    1.1769180964e-01    6.1372270367e-04    2.5583130746e-01    0.0000000000e+00    0.0000000000e+00    4.0428238091e+04    
9.9586790800e-01    1.0536089540e-03    0.0000000000e+00    1.1522416735e-01    7.4355394305e-04    2.8202407889e-01    0.0000000000e+00    0.0000000000e+00    4.0392588807e+04    
9.9698638916e-01    8.1812351709e-04    0.0000000000e+00    1.1497282543e-01    9.7333729625e-04    3.2195050498e-01    0.0000000000e+00    0.0000000000e+00    4.0388957746e+04    
9.9806058407e-01    5.9868721291e-04    0.0000000000e+00    1.2390343721e-01    1.6810483627e-03    3.9836966773e-01    0.0000000000e+00    0.0000000000e+00    4.0517975601e+04    
1  2  1  1  
3  1  3  3  
2  4  2  2  
4  5  4  4  
5  6  5  5  
6  7  6  6  
7  8  7  7  
8  9  8  8  
9  10  9  9  
10  11  10  10  
11  12  11  11  
12  13  12  12  
13  14  13  13  
14  15  14  14  
15  16  15  15  
16  17  16  16  
17  18  17  17  
18  19  18  18  
19  20  19  19  
20  21  20  20  
21  22  21  21  
22  23  22  22  
23  24  23  23  
24  25  24  24  
25  26  25  25  
26  27  26  26  
27  28  27  27  
28  29  28  28  
29  30  29  29  
30  31  30  30  
31  32  31  31  
32  33  32  32  
33  34  33  33  
34  35  34  34  
35  36  35  35  
36  37  36  36  
37  38  37  37  
38  39  38  38  
39  40  39  39  
40  41  40  40  
41  42  41  41  
42  43  42  42  
43  44  43  43  
44  45  44  44  
45  46  45  45  
46  47  46  46  
47  48  47  47  
48  49  48  48  
49  50  49  49  
50  51  50  50  
51  52  51  51  
52  53  52  52  
53  54  53  53  
54  55  54  54  
55  56  55  55  
56  57  56  56  
57  58  57  57  
58  59  58  58  
59  60  59  59  
60  61  60  60  
61  62  61  61  
62  63  62  62  
63  64  63  63  
64  65  64  64  
65  66  65  65  
66  67  66  66  
67  68  67  67  
68  69  68  68  
69  70  69  69  
70  71  70  70  
71  72  71  71  
72  73  72  72  
73  74  73  73  
74  75  74  74  
75  76  75  75  
76  77  76  76  
77  78  77  77  
78  79  78  78  
79  80  79  79  
80  81  80  80  
81  82  81  81  
82  83  82  82  
83  84  83  83  
84  85  84  84  
85  86  85  85  
86  87  86  86  
87  88  87  87  
88  89  88  88  
89  90  89  89  
90  91  90  90  
91  92  91  91  
92  93  92  92  
93  94  93  93  
94  95  94  94  
95  96  95  95  
96  97  96  96  
97  98  97  97  
98  99  98  98  
99  100  99  99  
100  101  100  100  
101  102  101  101  
102  103  102  102  
103  104  103  103  
104  105  104  104  
105  106  105  105  
106  107  106  106  
108  109  108  108  
109  110  109  109  
110  111  110  110  
111  112  111  111  
112  113  112  112  
113  114  113  113  
114  115  114  114  
115  116  115  115  
116  117  116  116  
117  118  117  117  
118  119  118  118  
119  120  119  119  
120  121  120  120  
121  122  121  121  
122  123  122  122  
123  124  123  123  
124  125  124  124  
125  126  125  125  
126  127  126  126  
127  128  127  127  
128  129  128  128  
129  130  129  129  
130  131  130  130  
131  132  131  131  
132  133  132  132  
133  134  133  133  
134  135  134  134  
135  136  135  135  
136  137  136  136  
137  138  137  137  
138  139  138  138  
139  140  139  139  
140  141  140  140  
141  142  141  141  
142  143  142  142  
143  144  143  143  
144  145  144  144  
145  146  145  145  
146  147  146  146  
147  148  147  147  
148  149  148  148  
149  150  149  149  
150  151  150  150  
151  152  151  151  
152  153  152  152  
153  154  153  153  
154  155  154  154  
155  156  155  155  
156  157  156  156  
157  158  157  157  
158  159  158  158  
159  160  159  159  
160  161  160  160  
161  162  161  161  
162  3  162  162  
